{
 "cells": [
  {
   "cell_type": "markdown",
   "id": "b3415be8",
   "metadata": {},
   "source": [
    "Cheung Wan Ching (4189646)"
   ]
  },
  {
   "cell_type": "code",
   "execution_count": 5,
   "id": "be050013",
   "metadata": {},
   "outputs": [],
   "source": [
    "import pandas as pd"
   ]
  },
  {
   "cell_type": "code",
   "execution_count": 6,
   "id": "93b794e8",
   "metadata": {},
   "outputs": [
    {
     "data": {
      "text/html": [
       "<div>\n",
       "<style scoped>\n",
       "    .dataframe tbody tr th:only-of-type {\n",
       "        vertical-align: middle;\n",
       "    }\n",
       "\n",
       "    .dataframe tbody tr th {\n",
       "        vertical-align: top;\n",
       "    }\n",
       "\n",
       "    .dataframe thead th {\n",
       "        text-align: right;\n",
       "    }\n",
       "</style>\n",
       "<table border=\"1\" class=\"dataframe\">\n",
       "  <thead>\n",
       "    <tr style=\"text-align: right;\">\n",
       "      <th></th>\n",
       "      <th>Date</th>\n",
       "      <th>Open</th>\n",
       "      <th>High</th>\n",
       "      <th>Low</th>\n",
       "      <th>Close</th>\n",
       "      <th>Volume</th>\n",
       "    </tr>\n",
       "  </thead>\n",
       "  <tbody>\n",
       "    <tr>\n",
       "      <th>0</th>\n",
       "      <td>8/19/2014</td>\n",
       "      <td>585.002622</td>\n",
       "      <td>587.342658</td>\n",
       "      <td>584.002627</td>\n",
       "      <td>586.862643</td>\n",
       "      <td>978600</td>\n",
       "    </tr>\n",
       "    <tr>\n",
       "      <th>1</th>\n",
       "      <td>8/18/2014</td>\n",
       "      <td>576.112580</td>\n",
       "      <td>584.512631</td>\n",
       "      <td>576.002598</td>\n",
       "      <td>582.162619</td>\n",
       "      <td>1284100</td>\n",
       "    </tr>\n",
       "    <tr>\n",
       "      <th>2</th>\n",
       "      <td>8/15/2014</td>\n",
       "      <td>577.862619</td>\n",
       "      <td>579.382595</td>\n",
       "      <td>570.522603</td>\n",
       "      <td>573.482626</td>\n",
       "      <td>1519100</td>\n",
       "    </tr>\n",
       "    <tr>\n",
       "      <th>3</th>\n",
       "      <td>8/14/2014</td>\n",
       "      <td>576.182596</td>\n",
       "      <td>577.902645</td>\n",
       "      <td>570.882599</td>\n",
       "      <td>574.652582</td>\n",
       "      <td>985400</td>\n",
       "    </tr>\n",
       "    <tr>\n",
       "      <th>4</th>\n",
       "      <td>8/13/2014</td>\n",
       "      <td>567.312567</td>\n",
       "      <td>575.002602</td>\n",
       "      <td>565.752564</td>\n",
       "      <td>574.782577</td>\n",
       "      <td>1439200</td>\n",
       "    </tr>\n",
       "    <tr>\n",
       "      <th>...</th>\n",
       "      <td>...</td>\n",
       "      <td>...</td>\n",
       "      <td>...</td>\n",
       "      <td>...</td>\n",
       "      <td>...</td>\n",
       "      <td>...</td>\n",
       "    </tr>\n",
       "    <tr>\n",
       "      <th>2513</th>\n",
       "      <td>8/25/2004</td>\n",
       "      <td>104.960181</td>\n",
       "      <td>108.000187</td>\n",
       "      <td>103.880180</td>\n",
       "      <td>106.000184</td>\n",
       "      <td>9232100</td>\n",
       "    </tr>\n",
       "    <tr>\n",
       "      <th>2514</th>\n",
       "      <td>8/24/2004</td>\n",
       "      <td>111.240189</td>\n",
       "      <td>111.600192</td>\n",
       "      <td>103.570177</td>\n",
       "      <td>104.870176</td>\n",
       "      <td>15319700</td>\n",
       "    </tr>\n",
       "    <tr>\n",
       "      <th>2515</th>\n",
       "      <td>8/23/2004</td>\n",
       "      <td>110.750191</td>\n",
       "      <td>113.480193</td>\n",
       "      <td>109.050183</td>\n",
       "      <td>109.400185</td>\n",
       "      <td>18342800</td>\n",
       "    </tr>\n",
       "    <tr>\n",
       "      <th>2516</th>\n",
       "      <td>8/20/2004</td>\n",
       "      <td>101.010175</td>\n",
       "      <td>109.080187</td>\n",
       "      <td>100.500174</td>\n",
       "      <td>108.310183</td>\n",
       "      <td>22942800</td>\n",
       "    </tr>\n",
       "    <tr>\n",
       "      <th>2517</th>\n",
       "      <td>8/19/2004</td>\n",
       "      <td>100.000168</td>\n",
       "      <td>104.060182</td>\n",
       "      <td>95.960165</td>\n",
       "      <td>100.340176</td>\n",
       "      <td>44871300</td>\n",
       "    </tr>\n",
       "  </tbody>\n",
       "</table>\n",
       "<p>2518 rows × 6 columns</p>\n",
       "</div>"
      ],
      "text/plain": [
       "           Date        Open        High         Low       Close    Volume\n",
       "0     8/19/2014  585.002622  587.342658  584.002627  586.862643    978600\n",
       "1     8/18/2014  576.112580  584.512631  576.002598  582.162619   1284100\n",
       "2     8/15/2014  577.862619  579.382595  570.522603  573.482626   1519100\n",
       "3     8/14/2014  576.182596  577.902645  570.882599  574.652582    985400\n",
       "4     8/13/2014  567.312567  575.002602  565.752564  574.782577   1439200\n",
       "...         ...         ...         ...         ...         ...       ...\n",
       "2513  8/25/2004  104.960181  108.000187  103.880180  106.000184   9232100\n",
       "2514  8/24/2004  111.240189  111.600192  103.570177  104.870176  15319700\n",
       "2515  8/23/2004  110.750191  113.480193  109.050183  109.400185  18342800\n",
       "2516  8/20/2004  101.010175  109.080187  100.500174  108.310183  22942800\n",
       "2517  8/19/2004  100.000168  104.060182   95.960165  100.340176  44871300\n",
       "\n",
       "[2518 rows x 6 columns]"
      ]
     },
     "execution_count": 6,
     "metadata": {},
     "output_type": "execute_result"
    }
   ],
   "source": [
    "data = pd.read_csv(\"Stock_Data_2_v2.csv\")\n",
    "data"
   ]
  },
  {
   "cell_type": "code",
   "execution_count": 8,
   "id": "4c09b5ec",
   "metadata": {},
   "outputs": [
    {
     "data": {
      "text/html": [
       "<div>\n",
       "<style scoped>\n",
       "    .dataframe tbody tr th:only-of-type {\n",
       "        vertical-align: middle;\n",
       "    }\n",
       "\n",
       "    .dataframe tbody tr th {\n",
       "        vertical-align: top;\n",
       "    }\n",
       "\n",
       "    .dataframe thead th {\n",
       "        text-align: right;\n",
       "    }\n",
       "</style>\n",
       "<table border=\"1\" class=\"dataframe\">\n",
       "  <thead>\n",
       "    <tr style=\"text-align: right;\">\n",
       "      <th></th>\n",
       "      <th>Date</th>\n",
       "      <th>Open</th>\n",
       "      <th>High</th>\n",
       "      <th>Low</th>\n",
       "      <th>Close</th>\n",
       "      <th>Volume</th>\n",
       "      <th>Month</th>\n",
       "      <th>Day</th>\n",
       "      <th>Year</th>\n",
       "    </tr>\n",
       "  </thead>\n",
       "  <tbody>\n",
       "    <tr>\n",
       "      <th>0</th>\n",
       "      <td>8/19/2014</td>\n",
       "      <td>585.002622</td>\n",
       "      <td>587.342658</td>\n",
       "      <td>584.002627</td>\n",
       "      <td>586.862643</td>\n",
       "      <td>978600</td>\n",
       "      <td>8</td>\n",
       "      <td>19</td>\n",
       "      <td>2014</td>\n",
       "    </tr>\n",
       "    <tr>\n",
       "      <th>1</th>\n",
       "      <td>8/18/2014</td>\n",
       "      <td>576.112580</td>\n",
       "      <td>584.512631</td>\n",
       "      <td>576.002598</td>\n",
       "      <td>582.162619</td>\n",
       "      <td>1284100</td>\n",
       "      <td>8</td>\n",
       "      <td>18</td>\n",
       "      <td>2014</td>\n",
       "    </tr>\n",
       "    <tr>\n",
       "      <th>2</th>\n",
       "      <td>8/15/2014</td>\n",
       "      <td>577.862619</td>\n",
       "      <td>579.382595</td>\n",
       "      <td>570.522603</td>\n",
       "      <td>573.482626</td>\n",
       "      <td>1519100</td>\n",
       "      <td>8</td>\n",
       "      <td>15</td>\n",
       "      <td>2014</td>\n",
       "    </tr>\n",
       "    <tr>\n",
       "      <th>3</th>\n",
       "      <td>8/14/2014</td>\n",
       "      <td>576.182596</td>\n",
       "      <td>577.902645</td>\n",
       "      <td>570.882599</td>\n",
       "      <td>574.652582</td>\n",
       "      <td>985400</td>\n",
       "      <td>8</td>\n",
       "      <td>14</td>\n",
       "      <td>2014</td>\n",
       "    </tr>\n",
       "    <tr>\n",
       "      <th>4</th>\n",
       "      <td>8/13/2014</td>\n",
       "      <td>567.312567</td>\n",
       "      <td>575.002602</td>\n",
       "      <td>565.752564</td>\n",
       "      <td>574.782577</td>\n",
       "      <td>1439200</td>\n",
       "      <td>8</td>\n",
       "      <td>13</td>\n",
       "      <td>2014</td>\n",
       "    </tr>\n",
       "    <tr>\n",
       "      <th>...</th>\n",
       "      <td>...</td>\n",
       "      <td>...</td>\n",
       "      <td>...</td>\n",
       "      <td>...</td>\n",
       "      <td>...</td>\n",
       "      <td>...</td>\n",
       "      <td>...</td>\n",
       "      <td>...</td>\n",
       "      <td>...</td>\n",
       "    </tr>\n",
       "    <tr>\n",
       "      <th>2513</th>\n",
       "      <td>8/25/2004</td>\n",
       "      <td>104.960181</td>\n",
       "      <td>108.000187</td>\n",
       "      <td>103.880180</td>\n",
       "      <td>106.000184</td>\n",
       "      <td>9232100</td>\n",
       "      <td>8</td>\n",
       "      <td>25</td>\n",
       "      <td>2004</td>\n",
       "    </tr>\n",
       "    <tr>\n",
       "      <th>2514</th>\n",
       "      <td>8/24/2004</td>\n",
       "      <td>111.240189</td>\n",
       "      <td>111.600192</td>\n",
       "      <td>103.570177</td>\n",
       "      <td>104.870176</td>\n",
       "      <td>15319700</td>\n",
       "      <td>8</td>\n",
       "      <td>24</td>\n",
       "      <td>2004</td>\n",
       "    </tr>\n",
       "    <tr>\n",
       "      <th>2515</th>\n",
       "      <td>8/23/2004</td>\n",
       "      <td>110.750191</td>\n",
       "      <td>113.480193</td>\n",
       "      <td>109.050183</td>\n",
       "      <td>109.400185</td>\n",
       "      <td>18342800</td>\n",
       "      <td>8</td>\n",
       "      <td>23</td>\n",
       "      <td>2004</td>\n",
       "    </tr>\n",
       "    <tr>\n",
       "      <th>2516</th>\n",
       "      <td>8/20/2004</td>\n",
       "      <td>101.010175</td>\n",
       "      <td>109.080187</td>\n",
       "      <td>100.500174</td>\n",
       "      <td>108.310183</td>\n",
       "      <td>22942800</td>\n",
       "      <td>8</td>\n",
       "      <td>20</td>\n",
       "      <td>2004</td>\n",
       "    </tr>\n",
       "    <tr>\n",
       "      <th>2517</th>\n",
       "      <td>8/19/2004</td>\n",
       "      <td>100.000168</td>\n",
       "      <td>104.060182</td>\n",
       "      <td>95.960165</td>\n",
       "      <td>100.340176</td>\n",
       "      <td>44871300</td>\n",
       "      <td>8</td>\n",
       "      <td>19</td>\n",
       "      <td>2004</td>\n",
       "    </tr>\n",
       "  </tbody>\n",
       "</table>\n",
       "<p>2518 rows × 9 columns</p>\n",
       "</div>"
      ],
      "text/plain": [
       "           Date        Open        High         Low       Close    Volume  \\\n",
       "0     8/19/2014  585.002622  587.342658  584.002627  586.862643    978600   \n",
       "1     8/18/2014  576.112580  584.512631  576.002598  582.162619   1284100   \n",
       "2     8/15/2014  577.862619  579.382595  570.522603  573.482626   1519100   \n",
       "3     8/14/2014  576.182596  577.902645  570.882599  574.652582    985400   \n",
       "4     8/13/2014  567.312567  575.002602  565.752564  574.782577   1439200   \n",
       "...         ...         ...         ...         ...         ...       ...   \n",
       "2513  8/25/2004  104.960181  108.000187  103.880180  106.000184   9232100   \n",
       "2514  8/24/2004  111.240189  111.600192  103.570177  104.870176  15319700   \n",
       "2515  8/23/2004  110.750191  113.480193  109.050183  109.400185  18342800   \n",
       "2516  8/20/2004  101.010175  109.080187  100.500174  108.310183  22942800   \n",
       "2517  8/19/2004  100.000168  104.060182   95.960165  100.340176  44871300   \n",
       "\n",
       "     Month Day  Year  \n",
       "0        8  19  2014  \n",
       "1        8  18  2014  \n",
       "2        8  15  2014  \n",
       "3        8  14  2014  \n",
       "4        8  13  2014  \n",
       "...    ...  ..   ...  \n",
       "2513     8  25  2004  \n",
       "2514     8  24  2004  \n",
       "2515     8  23  2004  \n",
       "2516     8  20  2004  \n",
       "2517     8  19  2004  \n",
       "\n",
       "[2518 rows x 9 columns]"
      ]
     },
     "execution_count": 8,
     "metadata": {},
     "output_type": "execute_result"
    }
   ],
   "source": [
    "data[[\"Month\", \"Day\", \"Year\"]] = data[\"Date\"].str.split(\"/\", expand = True)\n",
    "data"
   ]
  },
  {
   "cell_type": "code",
   "execution_count": 9,
   "id": "74b0992a",
   "metadata": {},
   "outputs": [],
   "source": [
    "data.Month = data.Month.astype(int)\n",
    "data.Day = data.Day.astype(int)\n",
    "data.Year = data.Year.astype(int)"
   ]
  },
  {
   "cell_type": "code",
   "execution_count": 10,
   "id": "66356836",
   "metadata": {},
   "outputs": [
    {
     "data": {
      "text/html": [
       "<div>\n",
       "<style scoped>\n",
       "    .dataframe tbody tr th:only-of-type {\n",
       "        vertical-align: middle;\n",
       "    }\n",
       "\n",
       "    .dataframe tbody tr th {\n",
       "        vertical-align: top;\n",
       "    }\n",
       "\n",
       "    .dataframe thead th {\n",
       "        text-align: right;\n",
       "    }\n",
       "</style>\n",
       "<table border=\"1\" class=\"dataframe\">\n",
       "  <thead>\n",
       "    <tr style=\"text-align: right;\">\n",
       "      <th></th>\n",
       "      <th>Date</th>\n",
       "      <th>Open</th>\n",
       "      <th>High</th>\n",
       "      <th>Low</th>\n",
       "      <th>Close</th>\n",
       "      <th>Volume</th>\n",
       "      <th>Month</th>\n",
       "      <th>Day</th>\n",
       "      <th>Year</th>\n",
       "    </tr>\n",
       "  </thead>\n",
       "  <tbody>\n",
       "    <tr>\n",
       "      <th>2517</th>\n",
       "      <td>8/19/2004</td>\n",
       "      <td>100.000168</td>\n",
       "      <td>104.060182</td>\n",
       "      <td>95.960165</td>\n",
       "      <td>100.340176</td>\n",
       "      <td>44871300</td>\n",
       "      <td>8</td>\n",
       "      <td>19</td>\n",
       "      <td>2004</td>\n",
       "    </tr>\n",
       "    <tr>\n",
       "      <th>2516</th>\n",
       "      <td>8/20/2004</td>\n",
       "      <td>101.010175</td>\n",
       "      <td>109.080187</td>\n",
       "      <td>100.500174</td>\n",
       "      <td>108.310183</td>\n",
       "      <td>22942800</td>\n",
       "      <td>8</td>\n",
       "      <td>20</td>\n",
       "      <td>2004</td>\n",
       "    </tr>\n",
       "    <tr>\n",
       "      <th>2515</th>\n",
       "      <td>8/23/2004</td>\n",
       "      <td>110.750191</td>\n",
       "      <td>113.480193</td>\n",
       "      <td>109.050183</td>\n",
       "      <td>109.400185</td>\n",
       "      <td>18342800</td>\n",
       "      <td>8</td>\n",
       "      <td>23</td>\n",
       "      <td>2004</td>\n",
       "    </tr>\n",
       "    <tr>\n",
       "      <th>2514</th>\n",
       "      <td>8/24/2004</td>\n",
       "      <td>111.240189</td>\n",
       "      <td>111.600192</td>\n",
       "      <td>103.570177</td>\n",
       "      <td>104.870176</td>\n",
       "      <td>15319700</td>\n",
       "      <td>8</td>\n",
       "      <td>24</td>\n",
       "      <td>2004</td>\n",
       "    </tr>\n",
       "    <tr>\n",
       "      <th>2513</th>\n",
       "      <td>8/25/2004</td>\n",
       "      <td>104.960181</td>\n",
       "      <td>108.000187</td>\n",
       "      <td>103.880180</td>\n",
       "      <td>106.000184</td>\n",
       "      <td>9232100</td>\n",
       "      <td>8</td>\n",
       "      <td>25</td>\n",
       "      <td>2004</td>\n",
       "    </tr>\n",
       "    <tr>\n",
       "      <th>...</th>\n",
       "      <td>...</td>\n",
       "      <td>...</td>\n",
       "      <td>...</td>\n",
       "      <td>...</td>\n",
       "      <td>...</td>\n",
       "      <td>...</td>\n",
       "      <td>...</td>\n",
       "      <td>...</td>\n",
       "      <td>...</td>\n",
       "    </tr>\n",
       "    <tr>\n",
       "      <th>4</th>\n",
       "      <td>8/13/2014</td>\n",
       "      <td>567.312567</td>\n",
       "      <td>575.002602</td>\n",
       "      <td>565.752564</td>\n",
       "      <td>574.782577</td>\n",
       "      <td>1439200</td>\n",
       "      <td>8</td>\n",
       "      <td>13</td>\n",
       "      <td>2014</td>\n",
       "    </tr>\n",
       "    <tr>\n",
       "      <th>3</th>\n",
       "      <td>8/14/2014</td>\n",
       "      <td>576.182596</td>\n",
       "      <td>577.902645</td>\n",
       "      <td>570.882599</td>\n",
       "      <td>574.652582</td>\n",
       "      <td>985400</td>\n",
       "      <td>8</td>\n",
       "      <td>14</td>\n",
       "      <td>2014</td>\n",
       "    </tr>\n",
       "    <tr>\n",
       "      <th>2</th>\n",
       "      <td>8/15/2014</td>\n",
       "      <td>577.862619</td>\n",
       "      <td>579.382595</td>\n",
       "      <td>570.522603</td>\n",
       "      <td>573.482626</td>\n",
       "      <td>1519100</td>\n",
       "      <td>8</td>\n",
       "      <td>15</td>\n",
       "      <td>2014</td>\n",
       "    </tr>\n",
       "    <tr>\n",
       "      <th>1</th>\n",
       "      <td>8/18/2014</td>\n",
       "      <td>576.112580</td>\n",
       "      <td>584.512631</td>\n",
       "      <td>576.002598</td>\n",
       "      <td>582.162619</td>\n",
       "      <td>1284100</td>\n",
       "      <td>8</td>\n",
       "      <td>18</td>\n",
       "      <td>2014</td>\n",
       "    </tr>\n",
       "    <tr>\n",
       "      <th>0</th>\n",
       "      <td>8/19/2014</td>\n",
       "      <td>585.002622</td>\n",
       "      <td>587.342658</td>\n",
       "      <td>584.002627</td>\n",
       "      <td>586.862643</td>\n",
       "      <td>978600</td>\n",
       "      <td>8</td>\n",
       "      <td>19</td>\n",
       "      <td>2014</td>\n",
       "    </tr>\n",
       "  </tbody>\n",
       "</table>\n",
       "<p>2518 rows × 9 columns</p>\n",
       "</div>"
      ],
      "text/plain": [
       "           Date        Open        High         Low       Close    Volume  \\\n",
       "2517  8/19/2004  100.000168  104.060182   95.960165  100.340176  44871300   \n",
       "2516  8/20/2004  101.010175  109.080187  100.500174  108.310183  22942800   \n",
       "2515  8/23/2004  110.750191  113.480193  109.050183  109.400185  18342800   \n",
       "2514  8/24/2004  111.240189  111.600192  103.570177  104.870176  15319700   \n",
       "2513  8/25/2004  104.960181  108.000187  103.880180  106.000184   9232100   \n",
       "...         ...         ...         ...         ...         ...       ...   \n",
       "4     8/13/2014  567.312567  575.002602  565.752564  574.782577   1439200   \n",
       "3     8/14/2014  576.182596  577.902645  570.882599  574.652582    985400   \n",
       "2     8/15/2014  577.862619  579.382595  570.522603  573.482626   1519100   \n",
       "1     8/18/2014  576.112580  584.512631  576.002598  582.162619   1284100   \n",
       "0     8/19/2014  585.002622  587.342658  584.002627  586.862643    978600   \n",
       "\n",
       "      Month  Day  Year  \n",
       "2517      8   19  2004  \n",
       "2516      8   20  2004  \n",
       "2515      8   23  2004  \n",
       "2514      8   24  2004  \n",
       "2513      8   25  2004  \n",
       "...     ...  ...   ...  \n",
       "4         8   13  2014  \n",
       "3         8   14  2014  \n",
       "2         8   15  2014  \n",
       "1         8   18  2014  \n",
       "0         8   19  2014  \n",
       "\n",
       "[2518 rows x 9 columns]"
      ]
     },
     "execution_count": 10,
     "metadata": {},
     "output_type": "execute_result"
    }
   ],
   "source": [
    "data1 = data.sort_values([\"Year\", \"Month\", \"Day\"])\n",
    "data1"
   ]
  },
  {
   "cell_type": "code",
   "execution_count": 11,
   "id": "6b226522",
   "metadata": {},
   "outputs": [],
   "source": [
    "out_data = data1.to_csv(\"sorted_stock.csv\")"
   ]
  },
  {
   "cell_type": "code",
   "execution_count": 12,
   "id": "021b073c",
   "metadata": {},
   "outputs": [
    {
     "data": {
      "text/html": [
       "<div>\n",
       "<style scoped>\n",
       "    .dataframe tbody tr th:only-of-type {\n",
       "        vertical-align: middle;\n",
       "    }\n",
       "\n",
       "    .dataframe tbody tr th {\n",
       "        vertical-align: top;\n",
       "    }\n",
       "\n",
       "    .dataframe thead th {\n",
       "        text-align: right;\n",
       "    }\n",
       "</style>\n",
       "<table border=\"1\" class=\"dataframe\">\n",
       "  <thead>\n",
       "    <tr style=\"text-align: right;\">\n",
       "      <th></th>\n",
       "      <th>Unnamed: 0</th>\n",
       "      <th>Date</th>\n",
       "      <th>Open</th>\n",
       "      <th>High</th>\n",
       "      <th>Low</th>\n",
       "      <th>Close</th>\n",
       "      <th>Volume</th>\n",
       "      <th>Month</th>\n",
       "      <th>Day</th>\n",
       "      <th>Year</th>\n",
       "    </tr>\n",
       "  </thead>\n",
       "  <tbody>\n",
       "    <tr>\n",
       "      <th>0</th>\n",
       "      <td>2517</td>\n",
       "      <td>8/19/2004</td>\n",
       "      <td>100.000168</td>\n",
       "      <td>104.060182</td>\n",
       "      <td>95.960165</td>\n",
       "      <td>100.340176</td>\n",
       "      <td>44871300</td>\n",
       "      <td>8</td>\n",
       "      <td>19</td>\n",
       "      <td>2004</td>\n",
       "    </tr>\n",
       "    <tr>\n",
       "      <th>1</th>\n",
       "      <td>2516</td>\n",
       "      <td>8/20/2004</td>\n",
       "      <td>101.010175</td>\n",
       "      <td>109.080187</td>\n",
       "      <td>100.500174</td>\n",
       "      <td>108.310183</td>\n",
       "      <td>22942800</td>\n",
       "      <td>8</td>\n",
       "      <td>20</td>\n",
       "      <td>2004</td>\n",
       "    </tr>\n",
       "    <tr>\n",
       "      <th>2</th>\n",
       "      <td>2515</td>\n",
       "      <td>8/23/2004</td>\n",
       "      <td>110.750191</td>\n",
       "      <td>113.480193</td>\n",
       "      <td>109.050183</td>\n",
       "      <td>109.400185</td>\n",
       "      <td>18342800</td>\n",
       "      <td>8</td>\n",
       "      <td>23</td>\n",
       "      <td>2004</td>\n",
       "    </tr>\n",
       "    <tr>\n",
       "      <th>3</th>\n",
       "      <td>2514</td>\n",
       "      <td>8/24/2004</td>\n",
       "      <td>111.240189</td>\n",
       "      <td>111.600192</td>\n",
       "      <td>103.570177</td>\n",
       "      <td>104.870176</td>\n",
       "      <td>15319700</td>\n",
       "      <td>8</td>\n",
       "      <td>24</td>\n",
       "      <td>2004</td>\n",
       "    </tr>\n",
       "    <tr>\n",
       "      <th>4</th>\n",
       "      <td>2513</td>\n",
       "      <td>8/25/2004</td>\n",
       "      <td>104.960181</td>\n",
       "      <td>108.000187</td>\n",
       "      <td>103.880180</td>\n",
       "      <td>106.000184</td>\n",
       "      <td>9232100</td>\n",
       "      <td>8</td>\n",
       "      <td>25</td>\n",
       "      <td>2004</td>\n",
       "    </tr>\n",
       "    <tr>\n",
       "      <th>...</th>\n",
       "      <td>...</td>\n",
       "      <td>...</td>\n",
       "      <td>...</td>\n",
       "      <td>...</td>\n",
       "      <td>...</td>\n",
       "      <td>...</td>\n",
       "      <td>...</td>\n",
       "      <td>...</td>\n",
       "      <td>...</td>\n",
       "      <td>...</td>\n",
       "    </tr>\n",
       "    <tr>\n",
       "      <th>2513</th>\n",
       "      <td>4</td>\n",
       "      <td>8/13/2014</td>\n",
       "      <td>567.312567</td>\n",
       "      <td>575.002602</td>\n",
       "      <td>565.752564</td>\n",
       "      <td>574.782577</td>\n",
       "      <td>1439200</td>\n",
       "      <td>8</td>\n",
       "      <td>13</td>\n",
       "      <td>2014</td>\n",
       "    </tr>\n",
       "    <tr>\n",
       "      <th>2514</th>\n",
       "      <td>3</td>\n",
       "      <td>8/14/2014</td>\n",
       "      <td>576.182596</td>\n",
       "      <td>577.902645</td>\n",
       "      <td>570.882599</td>\n",
       "      <td>574.652582</td>\n",
       "      <td>985400</td>\n",
       "      <td>8</td>\n",
       "      <td>14</td>\n",
       "      <td>2014</td>\n",
       "    </tr>\n",
       "    <tr>\n",
       "      <th>2515</th>\n",
       "      <td>2</td>\n",
       "      <td>8/15/2014</td>\n",
       "      <td>577.862619</td>\n",
       "      <td>579.382595</td>\n",
       "      <td>570.522603</td>\n",
       "      <td>573.482626</td>\n",
       "      <td>1519100</td>\n",
       "      <td>8</td>\n",
       "      <td>15</td>\n",
       "      <td>2014</td>\n",
       "    </tr>\n",
       "    <tr>\n",
       "      <th>2516</th>\n",
       "      <td>1</td>\n",
       "      <td>8/18/2014</td>\n",
       "      <td>576.112580</td>\n",
       "      <td>584.512631</td>\n",
       "      <td>576.002598</td>\n",
       "      <td>582.162619</td>\n",
       "      <td>1284100</td>\n",
       "      <td>8</td>\n",
       "      <td>18</td>\n",
       "      <td>2014</td>\n",
       "    </tr>\n",
       "    <tr>\n",
       "      <th>2517</th>\n",
       "      <td>0</td>\n",
       "      <td>8/19/2014</td>\n",
       "      <td>585.002622</td>\n",
       "      <td>587.342658</td>\n",
       "      <td>584.002627</td>\n",
       "      <td>586.862643</td>\n",
       "      <td>978600</td>\n",
       "      <td>8</td>\n",
       "      <td>19</td>\n",
       "      <td>2014</td>\n",
       "    </tr>\n",
       "  </tbody>\n",
       "</table>\n",
       "<p>2518 rows × 10 columns</p>\n",
       "</div>"
      ],
      "text/plain": [
       "      Unnamed: 0       Date        Open        High         Low       Close  \\\n",
       "0           2517  8/19/2004  100.000168  104.060182   95.960165  100.340176   \n",
       "1           2516  8/20/2004  101.010175  109.080187  100.500174  108.310183   \n",
       "2           2515  8/23/2004  110.750191  113.480193  109.050183  109.400185   \n",
       "3           2514  8/24/2004  111.240189  111.600192  103.570177  104.870176   \n",
       "4           2513  8/25/2004  104.960181  108.000187  103.880180  106.000184   \n",
       "...          ...        ...         ...         ...         ...         ...   \n",
       "2513           4  8/13/2014  567.312567  575.002602  565.752564  574.782577   \n",
       "2514           3  8/14/2014  576.182596  577.902645  570.882599  574.652582   \n",
       "2515           2  8/15/2014  577.862619  579.382595  570.522603  573.482626   \n",
       "2516           1  8/18/2014  576.112580  584.512631  576.002598  582.162619   \n",
       "2517           0  8/19/2014  585.002622  587.342658  584.002627  586.862643   \n",
       "\n",
       "        Volume  Month  Day  Year  \n",
       "0     44871300      8   19  2004  \n",
       "1     22942800      8   20  2004  \n",
       "2     18342800      8   23  2004  \n",
       "3     15319700      8   24  2004  \n",
       "4      9232100      8   25  2004  \n",
       "...        ...    ...  ...   ...  \n",
       "2513   1439200      8   13  2014  \n",
       "2514    985400      8   14  2014  \n",
       "2515   1519100      8   15  2014  \n",
       "2516   1284100      8   18  2014  \n",
       "2517    978600      8   19  2014  \n",
       "\n",
       "[2518 rows x 10 columns]"
      ]
     },
     "execution_count": 12,
     "metadata": {},
     "output_type": "execute_result"
    }
   ],
   "source": [
    "stock_data = pd.read_csv(\"sorted_stock.csv\")\n",
    "stock_data"
   ]
  },
  {
   "cell_type": "code",
   "execution_count": 13,
   "id": "88b49069",
   "metadata": {},
   "outputs": [],
   "source": [
    "import matplotlib.pyplot as plt"
   ]
  },
  {
   "cell_type": "code",
   "execution_count": 14,
   "id": "2724e09d",
   "metadata": {},
   "outputs": [
    {
     "data": {
      "text/html": [
       "<div>\n",
       "<style scoped>\n",
       "    .dataframe tbody tr th:only-of-type {\n",
       "        vertical-align: middle;\n",
       "    }\n",
       "\n",
       "    .dataframe tbody tr th {\n",
       "        vertical-align: top;\n",
       "    }\n",
       "\n",
       "    .dataframe thead th {\n",
       "        text-align: right;\n",
       "    }\n",
       "</style>\n",
       "<table border=\"1\" class=\"dataframe\">\n",
       "  <thead>\n",
       "    <tr style=\"text-align: right;\">\n",
       "      <th></th>\n",
       "      <th>Unnamed: 0</th>\n",
       "      <th>Date</th>\n",
       "      <th>Open</th>\n",
       "      <th>High</th>\n",
       "      <th>Low</th>\n",
       "      <th>Close</th>\n",
       "      <th>Volume</th>\n",
       "      <th>Month</th>\n",
       "      <th>Day</th>\n",
       "      <th>Year</th>\n",
       "    </tr>\n",
       "  </thead>\n",
       "  <tbody>\n",
       "    <tr>\n",
       "      <th>0</th>\n",
       "      <td>2517</td>\n",
       "      <td>8/19/2004</td>\n",
       "      <td>100.000168</td>\n",
       "      <td>104.060182</td>\n",
       "      <td>95.960165</td>\n",
       "      <td>100.340176</td>\n",
       "      <td>44871300</td>\n",
       "      <td>8</td>\n",
       "      <td>19</td>\n",
       "      <td>2004</td>\n",
       "    </tr>\n",
       "    <tr>\n",
       "      <th>1</th>\n",
       "      <td>2516</td>\n",
       "      <td>8/20/2004</td>\n",
       "      <td>101.010175</td>\n",
       "      <td>109.080187</td>\n",
       "      <td>100.500174</td>\n",
       "      <td>108.310183</td>\n",
       "      <td>22942800</td>\n",
       "      <td>8</td>\n",
       "      <td>20</td>\n",
       "      <td>2004</td>\n",
       "    </tr>\n",
       "    <tr>\n",
       "      <th>2</th>\n",
       "      <td>2515</td>\n",
       "      <td>8/23/2004</td>\n",
       "      <td>110.750191</td>\n",
       "      <td>113.480193</td>\n",
       "      <td>109.050183</td>\n",
       "      <td>109.400185</td>\n",
       "      <td>18342800</td>\n",
       "      <td>8</td>\n",
       "      <td>23</td>\n",
       "      <td>2004</td>\n",
       "    </tr>\n",
       "    <tr>\n",
       "      <th>3</th>\n",
       "      <td>2514</td>\n",
       "      <td>8/24/2004</td>\n",
       "      <td>111.240189</td>\n",
       "      <td>111.600192</td>\n",
       "      <td>103.570177</td>\n",
       "      <td>104.870176</td>\n",
       "      <td>15319700</td>\n",
       "      <td>8</td>\n",
       "      <td>24</td>\n",
       "      <td>2004</td>\n",
       "    </tr>\n",
       "    <tr>\n",
       "      <th>4</th>\n",
       "      <td>2513</td>\n",
       "      <td>8/25/2004</td>\n",
       "      <td>104.960181</td>\n",
       "      <td>108.000187</td>\n",
       "      <td>103.880180</td>\n",
       "      <td>106.000184</td>\n",
       "      <td>9232100</td>\n",
       "      <td>8</td>\n",
       "      <td>25</td>\n",
       "      <td>2004</td>\n",
       "    </tr>\n",
       "    <tr>\n",
       "      <th>...</th>\n",
       "      <td>...</td>\n",
       "      <td>...</td>\n",
       "      <td>...</td>\n",
       "      <td>...</td>\n",
       "      <td>...</td>\n",
       "      <td>...</td>\n",
       "      <td>...</td>\n",
       "      <td>...</td>\n",
       "      <td>...</td>\n",
       "      <td>...</td>\n",
       "    </tr>\n",
       "    <tr>\n",
       "      <th>89</th>\n",
       "      <td>2428</td>\n",
       "      <td>12/27/2004</td>\n",
       "      <td>189.150322</td>\n",
       "      <td>193.300332</td>\n",
       "      <td>189.100331</td>\n",
       "      <td>191.910328</td>\n",
       "      <td>12253900</td>\n",
       "      <td>12</td>\n",
       "      <td>27</td>\n",
       "      <td>2004</td>\n",
       "    </tr>\n",
       "    <tr>\n",
       "      <th>90</th>\n",
       "      <td>2427</td>\n",
       "      <td>12/28/2004</td>\n",
       "      <td>192.110325</td>\n",
       "      <td>193.550336</td>\n",
       "      <td>191.010329</td>\n",
       "      <td>192.760336</td>\n",
       "      <td>8322500</td>\n",
       "      <td>12</td>\n",
       "      <td>28</td>\n",
       "      <td>2004</td>\n",
       "    </tr>\n",
       "    <tr>\n",
       "      <th>91</th>\n",
       "      <td>2426</td>\n",
       "      <td>12/29/2004</td>\n",
       "      <td>191.780326</td>\n",
       "      <td>193.520332</td>\n",
       "      <td>191.780326</td>\n",
       "      <td>192.900324</td>\n",
       "      <td>5376200</td>\n",
       "      <td>12</td>\n",
       "      <td>29</td>\n",
       "      <td>2004</td>\n",
       "    </tr>\n",
       "    <tr>\n",
       "      <th>92</th>\n",
       "      <td>2425</td>\n",
       "      <td>12/30/2004</td>\n",
       "      <td>192.970334</td>\n",
       "      <td>198.230341</td>\n",
       "      <td>191.850335</td>\n",
       "      <td>197.600333</td>\n",
       "      <td>11852800</td>\n",
       "      <td>12</td>\n",
       "      <td>30</td>\n",
       "      <td>2004</td>\n",
       "    </tr>\n",
       "    <tr>\n",
       "      <th>93</th>\n",
       "      <td>2424</td>\n",
       "      <td>12/31/2004</td>\n",
       "      <td>199.230339</td>\n",
       "      <td>199.880350</td>\n",
       "      <td>192.560324</td>\n",
       "      <td>192.790325</td>\n",
       "      <td>15394400</td>\n",
       "      <td>12</td>\n",
       "      <td>31</td>\n",
       "      <td>2004</td>\n",
       "    </tr>\n",
       "  </tbody>\n",
       "</table>\n",
       "<p>94 rows × 10 columns</p>\n",
       "</div>"
      ],
      "text/plain": [
       "    Unnamed: 0        Date        Open        High         Low       Close  \\\n",
       "0         2517   8/19/2004  100.000168  104.060182   95.960165  100.340176   \n",
       "1         2516   8/20/2004  101.010175  109.080187  100.500174  108.310183   \n",
       "2         2515   8/23/2004  110.750191  113.480193  109.050183  109.400185   \n",
       "3         2514   8/24/2004  111.240189  111.600192  103.570177  104.870176   \n",
       "4         2513   8/25/2004  104.960181  108.000187  103.880180  106.000184   \n",
       "..         ...         ...         ...         ...         ...         ...   \n",
       "89        2428  12/27/2004  189.150322  193.300332  189.100331  191.910328   \n",
       "90        2427  12/28/2004  192.110325  193.550336  191.010329  192.760336   \n",
       "91        2426  12/29/2004  191.780326  193.520332  191.780326  192.900324   \n",
       "92        2425  12/30/2004  192.970334  198.230341  191.850335  197.600333   \n",
       "93        2424  12/31/2004  199.230339  199.880350  192.560324  192.790325   \n",
       "\n",
       "      Volume  Month  Day  Year  \n",
       "0   44871300      8   19  2004  \n",
       "1   22942800      8   20  2004  \n",
       "2   18342800      8   23  2004  \n",
       "3   15319700      8   24  2004  \n",
       "4    9232100      8   25  2004  \n",
       "..       ...    ...  ...   ...  \n",
       "89  12253900     12   27  2004  \n",
       "90   8322500     12   28  2004  \n",
       "91   5376200     12   29  2004  \n",
       "92  11852800     12   30  2004  \n",
       "93  15394400     12   31  2004  \n",
       "\n",
       "[94 rows x 10 columns]"
      ]
     },
     "execution_count": 14,
     "metadata": {},
     "output_type": "execute_result"
    }
   ],
   "source": [
    "year_zero4 = stock_data[stock_data.Year == 2004]\n",
    "year_zero4"
   ]
  },
  {
   "cell_type": "code",
   "execution_count": 19,
   "id": "db25997f",
   "metadata": {},
   "outputs": [
    {
     "name": "stderr",
     "output_type": "stream",
     "text": [
      "<ipython-input-19-aa8de6b27b6c>:8: SettingWithCopyWarning: \n",
      "A value is trying to be set on a copy of a slice from a DataFrame.\n",
      "Try using .loc[row_indexer,col_indexer] = value instead\n",
      "\n",
      "See the caveats in the documentation: https://pandas.pydata.org/pandas-docs/stable/user_guide/indexing.html#returning-a-view-versus-a-copy\n",
      "  year_zero4[\"Mean\"] = mean_list\n",
      "<ipython-input-19-aa8de6b27b6c>:17: SettingWithCopyWarning: \n",
      "A value is trying to be set on a copy of a slice from a DataFrame.\n",
      "Try using .loc[row_indexer,col_indexer] = value instead\n",
      "\n",
      "See the caveats in the documentation: https://pandas.pydata.org/pandas-docs/stable/user_guide/indexing.html#returning-a-view-versus-a-copy\n",
      "  year_zero4[\"Median\"] = median_list\n",
      "<ipython-input-19-aa8de6b27b6c>:26: SettingWithCopyWarning: \n",
      "A value is trying to be set on a copy of a slice from a DataFrame.\n",
      "Try using .loc[row_indexer,col_indexer] = value instead\n",
      "\n",
      "See the caveats in the documentation: https://pandas.pydata.org/pandas-docs/stable/user_guide/indexing.html#returning-a-view-versus-a-copy\n",
      "  year_zero4[\"Up/Down\"] = up_down_list\n",
      "<ipython-input-19-aa8de6b27b6c>:35: SettingWithCopyWarning: \n",
      "A value is trying to be set on a copy of a slice from a DataFrame.\n",
      "Try using .loc[row_indexer,col_indexer] = value instead\n",
      "\n",
      "See the caveats in the documentation: https://pandas.pydata.org/pandas-docs/stable/user_guide/indexing.html#returning-a-view-versus-a-copy\n",
      "  year_zero4[\"Change Percentage\"] = change_percentage_list\n"
     ]
    },
    {
     "data": {
      "text/html": [
       "<div>\n",
       "<style scoped>\n",
       "    .dataframe tbody tr th:only-of-type {\n",
       "        vertical-align: middle;\n",
       "    }\n",
       "\n",
       "    .dataframe tbody tr th {\n",
       "        vertical-align: top;\n",
       "    }\n",
       "\n",
       "    .dataframe thead th {\n",
       "        text-align: right;\n",
       "    }\n",
       "</style>\n",
       "<table border=\"1\" class=\"dataframe\">\n",
       "  <thead>\n",
       "    <tr style=\"text-align: right;\">\n",
       "      <th></th>\n",
       "      <th>Unnamed: 0</th>\n",
       "      <th>Date</th>\n",
       "      <th>Open</th>\n",
       "      <th>High</th>\n",
       "      <th>Low</th>\n",
       "      <th>Close</th>\n",
       "      <th>Volume</th>\n",
       "      <th>Month</th>\n",
       "      <th>Day</th>\n",
       "      <th>Year</th>\n",
       "      <th>Mean</th>\n",
       "      <th>Median</th>\n",
       "      <th>Up/Down</th>\n",
       "      <th>Change Percentage</th>\n",
       "    </tr>\n",
       "  </thead>\n",
       "  <tbody>\n",
       "    <tr>\n",
       "      <th>0</th>\n",
       "      <td>2517</td>\n",
       "      <td>8/19/2004</td>\n",
       "      <td>100.000168</td>\n",
       "      <td>104.060182</td>\n",
       "      <td>95.960165</td>\n",
       "      <td>100.340176</td>\n",
       "      <td>44871300</td>\n",
       "      <td>8</td>\n",
       "      <td>19</td>\n",
       "      <td>2004</td>\n",
       "      <td>0.000000</td>\n",
